16
  ,07,  ,14,15,02,  ,12,  ,13,03,  ,16,04,  ,08
  ,06,  ,  ,13,09,16,  ,  ,  ,04,  ,10,14,  ,  
01,15,  ,  ,07,  ,  ,  ,  ,10,  ,09,  ,  ,  ,11
04,  ,  ,  ,  ,08,  ,10,  ,07,14,15,12,06,  ,09
14,01,09,  ,  ,05,  ,  ,13,  ,  ,  ,04,  ,02,06
08,02,  ,05,  ,11,  ,  ,03,06,  ,  ,  ,16,  ,  
10,12,  ,15,  ,04,  ,06,08,09,  ,  ,  ,  ,13,07
13,16,  ,  ,10,  ,14,15,04,05,  ,  ,  ,08,  ,  
16,09,07,  ,04,03,  ,13,15,  ,12,02,06,10,  ,  
  ,  ,  ,  ,  ,  ,09,01,10,04,08,11,03,15,  ,  
15,11,03,10,14,  ,  ,  ,  ,16,  ,  ,07,  ,04,13
  ,  ,08,  ,05,  ,15,  ,  ,03,09,  ,01,  ,12,14
06,10,13,  ,  ,15,02,04,01,  ,05,  ,11,07,  ,  
  ,  ,14,04,03,  ,  ,07,  ,02,13,  ,  ,05,10,  
07,05,15,  ,11,13,  ,  ,  ,  ,  ,  ,  ,03,09,01
  ,03,  ,02,09,16,  ,  ,  ,15,11,  ,  ,  ,  ,  